92
Visby S:ta Maria
696810,6393650,0
Västerhejde
694190,6386630,763
Stenkumla
695580,6383090,1203
Träkumla
698160,6384580,1512
Follingbo
702250,6387220,2027
Akebäck
702970,6383390,2448
Vall
700300,6380350,2928
Hogrän
698170,6378360,3242
Eskelhem
692380,6376480,3947
Tofta
689790,6379820,4508
Västergarn
689120,6370820,5466
Sanda
693480,6369790,5924
Klinte
694280,6364130,6588
Fröjel
691980,6359280,7120
Eksta
693210,6353840,7692
Levide
696860,6353530,8077
Sproge
693660,6350190,8519
Silte
695390,6346650,9026
Hablingbo
697180,6342970,9465
Havdhem
700980,6340340,9931
Näs
697550,6334340,10637
Vamlingbo
696310,6318700,12438
Sundre
693610,6314710,12896
Hamra
701410,6319610,13820
Öja
700230,6326220,14495
Fide
700960,6330480,14927
Grötlingbo
702560,6337190,15623
Eke
704330,6341130,16096
Rone
707830,6345870,16622
Alva
702980,6345490,17315
Hemse
703550,6348360,17602
Fardhem
701510,6351760,18012
Gerum
700600,6355090,18448
Lojsta
703790,6357300,19102
Linde
703720,6353600,19494
Stånga
708880,6354180,20064
Burs
711660,6350160,20585
När
718650,6351830,21287
Lau
718160,6354650,21685
Alskog
718370,6360100,22304
Garda
715660,6358380,22625
Lye
712420,6356050,23001
Etelhem
710380,6360310,23455
Buttle
712080,6367740,24236
Ala
718260,6369870,24973
Ardre
722230,6365630,25652
Gammelgarn
728530,6368790,26410
Östergarn
731670,6370900,26838
Kräklingbo
722710,6373050,27762
Anga
722210,6376910,28161
Norrlanda
719290,6379140,28636
Ganthem
714530,6380310,29172
Hörsne
715220,6385250,29666
Dalhem
711420,6384410,30050
Halla
709490,6379650,30574
Sjonhem
711000,6376880,30933
Vänge
710660,6373100,31461
Viklau
707270,6374460,31977
Guldrupe
705680,6370460,32484
Hejde
700960,6368250,33076
Väte
701800,6372340,33516
Mästerby
698150,6374540,33980
Atlingbo
703260,6375850,34639
Björke
704960,6379020,35039
Roma
706060,6381380,35282
Barlingbo
707090,6385510,35732
Ekeby
709990,6389070,36211
Endre
706970,6390630,36562
Hejdeby
705530,6392800,36970
Bro
707240,6397260,37495
Fole
711500,6395310,37986
Lokrume
710940,6399500,38419
Tingstäde
715180,6405070,39159
Hejnum
716530,6398940,39834
Bäl
716810,6394940,40251
Källunge
714110,6390740,40810
Vallstena
717290,6391090,41225
Gothem
723280,6387580,41942
Boge
724330,6400090,43217
Othem
722480,6406680,43884
Lärbro
725460,6411340,44492
Hellvi
731540,6410320,45178
Rute
732880,6416950,45934
Fårö
744920,6426900,47531
Bunge
738670,6419520,48525
Fleringe
729860,6420790,49496
Hall
720240,6422780,51309
Hangvar
718960,6416800,51939
Stenkyrka
709930,6411160,52980
Lummelunda
705480,6408310,53614
Martebo
707930,6406060,53917
Väskinde
703990,6399410,54613
