63
Segment 1
677511,6576710,0
Segment 2
683029,6573890,536
Segment 3
686490,6570293,879
Segment 4
685073,6563210,1766
Segment 5
679051,6562562,2485
Segment 6
672855,6561133,3134
Segment 7
664722,6561812,3747
Segment 8
659991,6562616,4157
Segment 9
652393,6563071,4851
Segment 10
648617,6560410,5368
Segment 11
646784,6553628,5830
Segment 12
640397,6551761,6320
Segment 13
636243,6554527,6761
Segment 14
627169,6559811,7511
Segment 15
624791,6563653,7858
Segment 16
622000,6562278,8339
Segment 17
616214,6564426,8690
Segment 18
611981,6564733,8926
Segment 19
609315,6557887,9353
Segment 20
603039,6554906,9774
Segment 21
599027,6556829,10060
Segment 22
592361,6563125,10442
Segment 23
583982,6558571,11279
Segment 24
575988,6559950,11841
Segment 25
573956,6549709,12943
Segment 26
572006,6544990,13385
Segment 27
572203,6539448,13876
Segment 28
572949,6532822,14565
Segment 29
577899,6527068,15091
Segment 30
577993,6521508,15599
Segment 31
578975,6515950,16000
Segment 32
582039,6510245,16565
Segment 33
585695,6505387,17110
Segment 34
589907,6502217,17672
Segment 35
592350,6504876,18541
Segment 36
600617,6503856,19323
Segment 37
604589,6500326,19799
Segment 38
608465,6499535,20018
Segment 39
612571,6499158,20308
Segment 40
616379,6500904,20547
Segment 41
613904,6501856,20681
Segment 42
610266,6502071,20878
Segment 43
609418,6505546,21199
Segment 44
608592,6508548,21345
Segment 45
615390,6513354,21840
Segment 46
614159,6516170,22256
Segment 47
616462,6520517,22542
Segment 48
620029,6521608,22721
Segment 49
625040,6523057,23119
Segment 50
632483,6524906,23669
Segment 51
635969,6523509,23998
Segment 52
636772,6521115,24172
Segment 53
639781,6519797,24555
Segment 54
637363,6525406,25156
Segment 55
639610,6528682,25720
Segment 56
646695,6531697,26727
Segment 57
648115,6538086,28008
Segment 58
650762,6541764,28699
Segment 59
654111,6548556,29041
Segment 60
654460,6555633,29607
Segment 61
658350,6557407,30013
Segment 62
660033,6560071,30352
End
663760,6561363,30654
