137
Shelter
688159,6566630,1339
Shelter
686023,6564299,1502
Shelter
665062,6561704,3718
Shelter
664546,6561824,3756
Shelter
620510,6564587,8512
Shelter
616032,6564548,8701
Shelter
611967,6564681,8927
Shelter
573986,6547815,13064
Shelter
574002,6547960,13057
Shelter
577894,6522174,15560
Shelter
576315,6517894,15900
Shelter
598079,6505020,19139
Shelter
635971,6523528,23997
Shelter
637670,6527273,25378
Well
681586,6575181,416
Well
686619,6567119,1279
Shelter
686664,6565270,1429
Tap
678958,6562619,2492
Pump
676082,6560218,2799
Pump
672816,6561100,3134
Shelter
673620,6560032,3027
Shelter
673592,6560737,3089
Well
668518,6561744,3489
Tap
664744,6561791,3745
Shelter
672890,6561059,3138
Shelter
668469,6561762,3492
Shelter
664435,6561558,3786
Shelter
663980,6560999,30595
Well
647434,6554550,5773
Tap
647157,6554851,5741
Shelter
647332,6554429,5780
Well
643124,6552679,6125
Shelter
637963,6552751,6546
Well
635169,6555499,6851
Well
632407,6557937,7112
Well
628948,6557759,7316
Well
627904,6559236,7410
Shelter
632663,6557304,7103
Shelter
629797,6557550,7279
Well
626432,6561028,7615
Well
624341,6564426,7910
Well
622669,6565600,8065
Tap
621911,6562312,8355
Shelter
622728,6565135,8118
Shelter
622108,6562304,8329
Tap
621911,6562312,8355
Well
621025,6562752,8408
Well
618755,6563750,8580
Well
616278,6564450,8687
Shelter
621881,6562185,8347
Shelter
618452,6564187,8608
Tap
609398,6557983,9344
Shelter
611966,6564681,8927
Shelter
610366,6561617,9127
Pump
608860,6556527,9443
Well
603236,6555187,9744
Shelter
607880,6555650,9515
Shelter
602929,6554904,9783
Well
597169,6558770,10194
Well
585141,6561928,10991
Shelter
589464,6563431,10644
Shelter
583982,6558564,11279
Well
582688,6558618,11335
Shelter
579065,6559900,11596
Water
575018,6558346,11966
Tap
572926,6552526,12708
Well
574345,6549196,12984
Tap
571372,6545698,13337
Shelter
573207,6547091,13134
Shelter
572271,6543466,13498
Well
573765,6539101,14039
Well
573947,6536706,14216
Shelter
573894,6539345,14038
Water
572951,6532472,14596
Well
576380,6527906,14944
Shelter
574328,6529240,14824
Well
576806,6524371,15329
Well
576627,6522792,15462
Shelter
577090,6522550,15488
Well
578601,6516496,15975
Well
579032,6515883,15999
Shelter
576766,6516271,15936
Pump
579728,6512543,16246
Shelter
579448,6513122,16201
Well
581296,6508835,16740
Shelter
585262,6506098,17012
Well
587372,6504745,17276
Shelter
590140,6501602,17647
Shelter
590140,6501602,17647
Well
590420,6507516,18241
Well
591595,6506714,18346
Shelter
590354,6507338,18227
Well
598054,6505249,19134
Pump
600559,6503929,19320
Shelter
598428,6504800,19149
Shelter
600108,6503606,19281
Pump
600559,6503929,19320
Well
600782,6502075,19406
Pump
600559,6503929,19320
Shelter
606322,6507571,21327
Well
611531,6511739,21652
Tap
610729,6499735,20095
Tap
611104,6499604,20110
Shelter
614376,6499539,20379
Shelter
614225,6501611,20659
Pump
610253,6502226,20891
Well
611531,6511739,21652
Tap
613709,6512261,21751
Shelter
613709,6512261,21751
Well
613950,6512229,21753
Shelter
616440,6508294,21739
Well
615308,6518126,22423
Shelter
614943,6518357,22403
Shelter
624251,6523447,23082
Tap
637519,6519890,24318
Tap
639733,6519763,24552
Shelter
639114,6519144,24491
Well
639557,6522034,24707
Tap
638678,6524101,25026
Well
638785,6524315,25017
Well
636789,6526211,25224
Pump
639470,6528119,25621
Pump
639308,6528489,25664
Shelter
636440,6526603,25272
Shelter
640144,6529641,25789
Well
645203,6533659,26589
Tap
650712,6531530,27380
Shelter
649616,6533042,27569
Well
649899,6540666,28492
Tap
654248,6548619,29044
Well
654133,6556637,29648
Well
654939,6556443,29704
Well
655634,6556770,29745
Well
657283,6557785,29919
Shelter
655272,6556365,29712
Well
662337,6560236,30516
Shelter
663980,6560999,30595
